(kicad_pcb (version 20171130) (host pcbnew "(5.1.8)-1")

  (general
    (thickness 1.324)
    (drawings 8)
    (tracks 76)
    (zones 0)
    (modules 14)
    (nets 8)
  )

  (page A4)
  (title_block
    (title "Constant current source LT3092")
  )

  (layers
    (0 F.Cu signal)
    (1 In1.Cu signal)
    (2 In2.Cu signal)
    (31 B.Cu signal)
    (33 F.Adhes user)
    (35 F.Paste user)
    (37 F.SilkS user)
    (38 B.Mask user)
    (39 F.Mask user)
    (40 Dwgs.User user)
    (41 Cmts.User user)
    (42 Eco1.User user)
    (43 Eco2.User user)
    (44 Edge.Cuts user)
    (45 Margin user)
    (46 B.CrtYd user hide)
    (47 F.CrtYd user)
    (49 F.Fab user hide)
  )

  (setup
    (last_trace_width 0.4)
    (user_trace_width 0.25)
    (user_trace_width 0.4)
    (user_trace_width 0.44)
    (user_trace_width 0.9)
    (user_trace_width 1)
    (trace_clearance 0.2)
    (zone_clearance 0.508)
    (zone_45_only no)
    (trace_min 0.2)
    (via_size 0.8)
    (via_drill 0.4)
    (via_min_size 0.5)
    (via_min_drill 0.2)
    (user_via 0.5 0.2)
    (user_via 0.5 0.3)
    (user_via 0.6 0.3)
    (user_via 2.4 2)
    (uvia_size 0.5)
    (uvia_drill 0.2)
    (uvias_allowed no)
    (uvia_min_size 0.5)
    (uvia_min_drill 0.2)
    (edge_width 0.1)
    (segment_width 0.2)
    (pcb_text_width 0.3)
    (pcb_text_size 1.5 1.5)
    (mod_edge_width 0.12)
    (mod_text_size 1.1 1.1)
    (mod_text_width 0.12)
    (pad_size 1.524 1.524)
    (pad_drill 0.762)
    (pad_to_mask_clearance 0.215)
    (solder_mask_min_width 0.215)
    (aux_axis_origin 0 0)
    (visible_elements 7FFFFFFF)
    (pcbplotparams
      (layerselection 0x010e8_ffffffff)
      (usegerberextensions false)
      (usegerberattributes true)
      (usegerberadvancedattributes true)
      (creategerberjobfile true)
      (excludeedgelayer true)
      (linewidth 0.100000)
      (plotframeref false)
      (viasonmask false)
      (mode 1)
      (useauxorigin false)
      (hpglpennumber 1)
      (hpglpenspeed 20)
      (hpglpendiameter 15.000000)
      (psnegative false)
      (psa4output false)
      (plotreference true)
      (plotvalue true)
      (plotinvisibletext false)
      (padsonsilk false)
      (subtractmaskfromsilk false)
      (outputformat 1)
      (mirror false)
      (drillshape 0)
      (scaleselection 1)
      (outputdirectory "gerber/"))
  )

  (net 0 "")
  (net 1 "Net-(C1-Pad2)")
  (net 2 "Net-(C1-Pad1)")
  (net 3 "Net-(C2-Pad1)")
  (net 4 GND)
  (net 5 "Net-(C3-Pad1)")
  (net 6 "Net-(C3-Pad2)")
  (net 7 "Net-(J1-Pad1)")

  (net_class Default "This is the default net class."
    (clearance 0.2)
    (trace_width 0.25)
    (via_dia 0.8)
    (via_drill 0.4)
    (uvia_dia 0.5)
    (uvia_drill 0.2)
    (add_net GND)
    (add_net "Net-(C1-Pad1)")
    (add_net "Net-(C1-Pad2)")
    (add_net "Net-(C2-Pad1)")
    (add_net "Net-(C3-Pad1)")
    (add_net "Net-(C3-Pad2)")
    (add_net "Net-(J1-Pad1)")
  )

  (net_class GND ""
    (clearance 0.2)
    (trace_width 0.3)
    (via_dia 0.8)
    (via_drill 0.4)
    (uvia_dia 0.5)
    (uvia_drill 0.2)
  )

  (module Capacitor_SMD:C_0603_1608Metric_Pad1.08x0.95mm_HandSolder (layer F.Cu) (tedit 5F68FEEF) (tstamp 600B4AA5)
    (at 83.4 58.3)
    (descr "Capacitor SMD 0603 (1608 Metric), square (rectangular) end terminal, IPC_7351 nominal with elongated pad for handsoldering. (Body size source: IPC-SM-782 page 76, https://www.pcb-3d.com/wordpress/wp-content/uploads/ipc-sm-782a_amendment_1_and_2.pdf), generated with kicad-footprint-generator")
    (tags "capacitor handsolder")
    (path /600AC2B4)
    (attr smd)
    (fp_text reference C1 (at 0.1 1.4) (layer F.SilkS)
      (effects (font (size 1 1) (thickness 0.15)))
    )
    (fp_text value CCOMP (at 0 1.43) (layer F.Fab)
      (effects (font (size 1 1) (thickness 0.15)))
    )
    (fp_line (start 1.65 0.73) (end -1.65 0.73) (layer F.CrtYd) (width 0.05))
    (fp_line (start 1.65 -0.73) (end 1.65 0.73) (layer F.CrtYd) (width 0.05))
    (fp_line (start -1.65 -0.73) (end 1.65 -0.73) (layer F.CrtYd) (width 0.05))
    (fp_line (start -1.65 0.73) (end -1.65 -0.73) (layer F.CrtYd) (width 0.05))
    (fp_line (start -0.146267 0.51) (end 0.146267 0.51) (layer F.SilkS) (width 0.12))
    (fp_line (start -0.146267 -0.51) (end 0.146267 -0.51) (layer F.SilkS) (width 0.12))
    (fp_line (start 0.8 0.4) (end -0.8 0.4) (layer F.Fab) (width 0.1))
    (fp_line (start 0.8 -0.4) (end 0.8 0.4) (layer F.Fab) (width 0.1))
    (fp_line (start -0.8 -0.4) (end 0.8 -0.4) (layer F.Fab) (width 0.1))
    (fp_line (start -0.8 0.4) (end -0.8 -0.4) (layer F.Fab) (width 0.1))
    (fp_text user %R (at 0 0) (layer F.Fab)
      (effects (font (size 0.4 0.4) (thickness 0.06)))
    )
    (pad 2 smd roundrect (at 0.8625 0) (size 1.075 0.95) (layers F.Cu F.Paste F.Mask) (roundrect_rratio 0.25)
      (net 1 "Net-(C1-Pad2)"))
    (pad 1 smd roundrect (at -0.8625 0) (size 1.075 0.95) (layers F.Cu F.Paste F.Mask) (roundrect_rratio 0.25)
      (net 2 "Net-(C1-Pad1)"))
    (model ${KISYS3DMOD}/Capacitor_SMD.3dshapes/C_0603_1608Metric.wrl
      (at (xyz 0 0 0))
      (scale (xyz 1 1 1))
      (rotate (xyz 0 0 0))
    )
  )

  (module Connector_PinHeader_2.54mm:PinHeader_1x01_P2.54mm_Vertical (layer F.Cu) (tedit 59FED5CC) (tstamp 600B703A)
    (at 102.4 67.3)
    (descr "Through hole straight pin header, 1x01, 2.54mm pitch, single row")
    (tags "Through hole pin header THT 1x01 2.54mm single row")
    (path /600ED0FB)
    (fp_text reference J2 (at 1 -1.8) (layer F.SilkS) hide
      (effects (font (size 1 1) (thickness 0.15)))
    )
    (fp_text value Conn_01x01 (at 0 2.33) (layer F.Fab)
      (effects (font (size 1 1) (thickness 0.15)))
    )
    (fp_line (start 1.8 -1.8) (end -1.8 -1.8) (layer F.CrtYd) (width 0.05))
    (fp_line (start 1.8 1.8) (end 1.8 -1.8) (layer F.CrtYd) (width 0.05))
    (fp_line (start -1.8 1.8) (end 1.8 1.8) (layer F.CrtYd) (width 0.05))
    (fp_line (start -1.8 -1.8) (end -1.8 1.8) (layer F.CrtYd) (width 0.05))
    (fp_line (start -1.33 -1.33) (end 0 -1.33) (layer F.SilkS) (width 0.12))
    (fp_line (start -1.33 0) (end -1.33 -1.33) (layer F.SilkS) (width 0.12))
    (fp_line (start -1.33 1.27) (end 1.33 1.27) (layer F.SilkS) (width 0.12))
    (fp_line (start 1.33 1.27) (end 1.33 1.33) (layer F.SilkS) (width 0.12))
    (fp_line (start -1.33 1.27) (end -1.33 1.33) (layer F.SilkS) (width 0.12))
    (fp_line (start -1.33 1.33) (end 1.33 1.33) (layer F.SilkS) (width 0.12))
    (fp_line (start -1.27 -0.635) (end -0.635 -1.27) (layer F.Fab) (width 0.1))
    (fp_line (start -1.27 1.27) (end -1.27 -0.635) (layer F.Fab) (width 0.1))
    (fp_line (start 1.27 1.27) (end -1.27 1.27) (layer F.Fab) (width 0.1))
    (fp_line (start 1.27 -1.27) (end 1.27 1.27) (layer F.Fab) (width 0.1))
    (fp_line (start -0.635 -1.27) (end 1.27 -1.27) (layer F.Fab) (width 0.1))
    (fp_text user %R (at 0 0 90) (layer F.Fab)
      (effects (font (size 1 1) (thickness 0.15)))
    )
    (pad 1 thru_hole rect (at 0 0) (size 1.7 1.7) (drill 1) (layers *.Cu *.Mask)
      (net 4 GND))
    (model ${KISYS3DMOD}/Connector_PinHeader_2.54mm.3dshapes/PinHeader_1x01_P2.54mm_Vertical.wrl
      (at (xyz 0 0 0))
      (scale (xyz 1 1 1))
      (rotate (xyz 0 0 0))
    )
  )

  (module Capacitor_SMD:C_0603_1608Metric_Pad1.08x0.95mm_HandSolder (layer F.Cu) (tedit 5F68FEEF) (tstamp 600B789E)
    (at 95.3 67.9)
    (descr "Capacitor SMD 0603 (1608 Metric), square (rectangular) end terminal, IPC_7351 nominal with elongated pad for handsoldering. (Body size source: IPC-SM-782 page 76, https://www.pcb-3d.com/wordpress/wp-content/uploads/ipc-sm-782a_amendment_1_and_2.pdf), generated with kicad-footprint-generator")
    (tags "capacitor handsolder")
    (path /600AE87E)
    (attr smd)
    (fp_text reference C2 (at -0.1 -1.3) (layer F.SilkS)
      (effects (font (size 1 1) (thickness 0.15)))
    )
    (fp_text value CIN (at 0 1.43) (layer F.Fab)
      (effects (font (size 1 1) (thickness 0.15)))
    )
    (fp_line (start -0.8 0.4) (end -0.8 -0.4) (layer F.Fab) (width 0.1))
    (fp_line (start -0.8 -0.4) (end 0.8 -0.4) (layer F.Fab) (width 0.1))
    (fp_line (start 0.8 -0.4) (end 0.8 0.4) (layer F.Fab) (width 0.1))
    (fp_line (start 0.8 0.4) (end -0.8 0.4) (layer F.Fab) (width 0.1))
    (fp_line (start -0.146267 -0.51) (end 0.146267 -0.51) (layer F.SilkS) (width 0.12))
    (fp_line (start -0.146267 0.51) (end 0.146267 0.51) (layer F.SilkS) (width 0.12))
    (fp_line (start -1.65 0.73) (end -1.65 -0.73) (layer F.CrtYd) (width 0.05))
    (fp_line (start -1.65 -0.73) (end 1.65 -0.73) (layer F.CrtYd) (width 0.05))
    (fp_line (start 1.65 -0.73) (end 1.65 0.73) (layer F.CrtYd) (width 0.05))
    (fp_line (start 1.65 0.73) (end -1.65 0.73) (layer F.CrtYd) (width 0.05))
    (fp_text user %R (at 0 0) (layer F.Fab)
      (effects (font (size 0.4 0.4) (thickness 0.06)))
    )
    (pad 1 smd roundrect (at -0.8625 0) (size 1.075 0.95) (layers F.Cu F.Paste F.Mask) (roundrect_rratio 0.25)
      (net 3 "Net-(C2-Pad1)"))
    (pad 2 smd roundrect (at 0.8625 0) (size 1.075 0.95) (layers F.Cu F.Paste F.Mask) (roundrect_rratio 0.25)
      (net 4 GND))
    (model ${KISYS3DMOD}/Capacitor_SMD.3dshapes/C_0603_1608Metric.wrl
      (at (xyz 0 0 0))
      (scale (xyz 1 1 1))
      (rotate (xyz 0 0 0))
    )
  )

  (module Capacitor_SMD:C_0603_1608Metric_Pad1.08x0.95mm_HandSolder (layer F.Cu) (tedit 5F68FEEF) (tstamp 600B681A)
    (at 87.7 58.3)
    (descr "Capacitor SMD 0603 (1608 Metric), square (rectangular) end terminal, IPC_7351 nominal with elongated pad for handsoldering. (Body size source: IPC-SM-782 page 76, https://www.pcb-3d.com/wordpress/wp-content/uploads/ipc-sm-782a_amendment_1_and_2.pdf), generated with kicad-footprint-generator")
    (tags "capacitor handsolder")
    (path /600AAC8F)
    (attr smd)
    (fp_text reference C3 (at -0.7 1.4) (layer F.SilkS)
      (effects (font (size 1 1) (thickness 0.15)))
    )
    (fp_text value CSET (at 0 1.43) (layer F.Fab)
      (effects (font (size 1 1) (thickness 0.15)))
    )
    (fp_line (start -0.8 0.4) (end -0.8 -0.4) (layer F.Fab) (width 0.1))
    (fp_line (start -0.8 -0.4) (end 0.8 -0.4) (layer F.Fab) (width 0.1))
    (fp_line (start 0.8 -0.4) (end 0.8 0.4) (layer F.Fab) (width 0.1))
    (fp_line (start 0.8 0.4) (end -0.8 0.4) (layer F.Fab) (width 0.1))
    (fp_line (start -0.146267 -0.51) (end 0.146267 -0.51) (layer F.SilkS) (width 0.12))
    (fp_line (start -0.146267 0.51) (end 0.146267 0.51) (layer F.SilkS) (width 0.12))
    (fp_line (start -1.65 0.73) (end -1.65 -0.73) (layer F.CrtYd) (width 0.05))
    (fp_line (start -1.65 -0.73) (end 1.65 -0.73) (layer F.CrtYd) (width 0.05))
    (fp_line (start 1.65 -0.73) (end 1.65 0.73) (layer F.CrtYd) (width 0.05))
    (fp_line (start 1.65 0.73) (end -1.65 0.73) (layer F.CrtYd) (width 0.05))
    (fp_text user %R (at 0 0) (layer F.Fab)
      (effects (font (size 0.4 0.4) (thickness 0.06)))
    )
    (pad 1 smd roundrect (at -0.8625 0) (size 1.075 0.95) (layers F.Cu F.Paste F.Mask) (roundrect_rratio 0.25)
      (net 5 "Net-(C3-Pad1)"))
    (pad 2 smd roundrect (at 0.8625 0) (size 1.075 0.95) (layers F.Cu F.Paste F.Mask) (roundrect_rratio 0.25)
      (net 6 "Net-(C3-Pad2)"))
    (model ${KISYS3DMOD}/Capacitor_SMD.3dshapes/C_0603_1608Metric.wrl
      (at (xyz 0 0 0))
      (scale (xyz 1 1 1))
      (rotate (xyz 0 0 0))
    )
  )

  (module Capacitor_SMD:C_0603_1608Metric_Pad1.08x0.95mm_HandSolder (layer F.Cu) (tedit 5F68FEEF) (tstamp 600B7B53)
    (at 95.3 58.3)
    (descr "Capacitor SMD 0603 (1608 Metric), square (rectangular) end terminal, IPC_7351 nominal with elongated pad for handsoldering. (Body size source: IPC-SM-782 page 76, https://www.pcb-3d.com/wordpress/wp-content/uploads/ipc-sm-782a_amendment_1_and_2.pdf), generated with kicad-footprint-generator")
    (tags "capacitor handsolder")
    (path /600AE0EB)
    (attr smd)
    (fp_text reference C4 (at -0.1 1.4) (layer F.SilkS)
      (effects (font (size 1 1) (thickness 0.15)))
    )
    (fp_text value COUT (at 0 1.43) (layer F.Fab)
      (effects (font (size 1 1) (thickness 0.15)))
    )
    (fp_line (start 1.65 0.73) (end -1.65 0.73) (layer F.CrtYd) (width 0.05))
    (fp_line (start 1.65 -0.73) (end 1.65 0.73) (layer F.CrtYd) (width 0.05))
    (fp_line (start -1.65 -0.73) (end 1.65 -0.73) (layer F.CrtYd) (width 0.05))
    (fp_line (start -1.65 0.73) (end -1.65 -0.73) (layer F.CrtYd) (width 0.05))
    (fp_line (start -0.146267 0.51) (end 0.146267 0.51) (layer F.SilkS) (width 0.12))
    (fp_line (start -0.146267 -0.51) (end 0.146267 -0.51) (layer F.SilkS) (width 0.12))
    (fp_line (start 0.8 0.4) (end -0.8 0.4) (layer F.Fab) (width 0.1))
    (fp_line (start 0.8 -0.4) (end 0.8 0.4) (layer F.Fab) (width 0.1))
    (fp_line (start -0.8 -0.4) (end 0.8 -0.4) (layer F.Fab) (width 0.1))
    (fp_line (start -0.8 0.4) (end -0.8 -0.4) (layer F.Fab) (width 0.1))
    (fp_text user %R (at 0 0) (layer F.Fab)
      (effects (font (size 0.4 0.4) (thickness 0.06)))
    )
    (pad 2 smd roundrect (at 0.8625 0) (size 1.075 0.95) (layers F.Cu F.Paste F.Mask) (roundrect_rratio 0.25)
      (net 4 GND))
    (pad 1 smd roundrect (at -0.8625 0) (size 1.075 0.95) (layers F.Cu F.Paste F.Mask) (roundrect_rratio 0.25)
      (net 6 "Net-(C3-Pad2)"))
    (model ${KISYS3DMOD}/Capacitor_SMD.3dshapes/C_0603_1608Metric.wrl
      (at (xyz 0 0 0))
      (scale (xyz 1 1 1))
      (rotate (xyz 0 0 0))
    )
  )

  (module MountingHole:MountingHole_3mm (layer F.Cu) (tedit 56D1B4CB) (tstamp 600B6518)
    (at 100.7 63)
    (descr "Mounting Hole 3mm, no annular")
    (tags "mounting hole 3mm no annular")
    (path /600BE47B)
    (attr virtual)
    (fp_text reference H1 (at -2.7 0.6) (layer F.SilkS) hide
      (effects (font (size 1 1) (thickness 0.15)))
    )
    (fp_text value MountingHole (at 0 4) (layer F.Fab)
      (effects (font (size 1 1) (thickness 0.15)))
    )
    (fp_circle (center 0 0) (end 3 0) (layer Cmts.User) (width 0.15))
    (fp_circle (center 0 0) (end 3.25 0) (layer F.CrtYd) (width 0.05))
    (fp_text user %R (at 0.3 0) (layer F.Fab)
      (effects (font (size 1 1) (thickness 0.15)))
    )
    (pad 1 np_thru_hole circle (at 0 0) (size 3 3) (drill 3) (layers *.Cu *.Mask))
  )

  (module MountingHole:MountingHole_3mm (layer F.Cu) (tedit 56D1B4CB) (tstamp 600B5265)
    (at 84.3 63)
    (descr "Mounting Hole 3mm, no annular")
    (tags "mounting hole 3mm no annular")
    (path /600BF5CB)
    (attr virtual)
    (fp_text reference H2 (at -1.2 -2.3) (layer F.SilkS) hide
      (effects (font (size 1 1) (thickness 0.15)))
    )
    (fp_text value MountingHole (at 0 4) (layer F.Fab)
      (effects (font (size 1 1) (thickness 0.15)))
    )
    (fp_circle (center 0 0) (end 3.25 0) (layer F.CrtYd) (width 0.05))
    (fp_circle (center 0 0) (end 3 0) (layer Cmts.User) (width 0.15))
    (fp_text user %R (at 0.3 0) (layer F.Fab)
      (effects (font (size 1 1) (thickness 0.15)))
    )
    (pad 1 np_thru_hole circle (at 0 0) (size 3 3) (drill 3) (layers *.Cu *.Mask))
  )

  (module Connector_PinHeader_2.54mm:PinHeader_1x01_P2.54mm_Vertical (layer F.Cu) (tedit 59FED5CC) (tstamp 600B5BCD)
    (at 82.6 67.4 90)
    (descr "Through hole straight pin header, 1x01, 2.54mm pitch, single row")
    (tags "Through hole pin header THT 1x01 2.54mm single row")
    (path /600BB11E)
    (fp_text reference J1 (at 1.9 -0.7 180) (layer F.SilkS) hide
      (effects (font (size 1 1) (thickness 0.15)))
    )
    (fp_text value Conn_01x01 (at 0 2.33 90) (layer F.Fab)
      (effects (font (size 1 1) (thickness 0.15)))
    )
    (fp_line (start -0.635 -1.27) (end 1.27 -1.27) (layer F.Fab) (width 0.1))
    (fp_line (start 1.27 -1.27) (end 1.27 1.27) (layer F.Fab) (width 0.1))
    (fp_line (start 1.27 1.27) (end -1.27 1.27) (layer F.Fab) (width 0.1))
    (fp_line (start -1.27 1.27) (end -1.27 -0.635) (layer F.Fab) (width 0.1))
    (fp_line (start -1.27 -0.635) (end -0.635 -1.27) (layer F.Fab) (width 0.1))
    (fp_line (start -1.33 1.33) (end 1.33 1.33) (layer F.SilkS) (width 0.12))
    (fp_line (start -1.33 1.27) (end -1.33 1.33) (layer F.SilkS) (width 0.12))
    (fp_line (start 1.33 1.27) (end 1.33 1.33) (layer F.SilkS) (width 0.12))
    (fp_line (start -1.33 1.27) (end 1.33 1.27) (layer F.SilkS) (width 0.12))
    (fp_line (start -1.33 0) (end -1.33 -1.33) (layer F.SilkS) (width 0.12))
    (fp_line (start -1.33 -1.33) (end 0 -1.33) (layer F.SilkS) (width 0.12))
    (fp_line (start -1.8 -1.8) (end -1.8 1.8) (layer F.CrtYd) (width 0.05))
    (fp_line (start -1.8 1.8) (end 1.8 1.8) (layer F.CrtYd) (width 0.05))
    (fp_line (start 1.8 1.8) (end 1.8 -1.8) (layer F.CrtYd) (width 0.05))
    (fp_line (start 1.8 -1.8) (end -1.8 -1.8) (layer F.CrtYd) (width 0.05))
    (fp_text user %R (at 0 0) (layer F.Fab)
      (effects (font (size 1 1) (thickness 0.15)))
    )
    (pad 1 thru_hole rect (at 0 0 90) (size 1.7 1.7) (drill 1) (layers *.Cu *.Mask)
      (net 7 "Net-(J1-Pad1)"))
    (model ${KISYS3DMOD}/Connector_PinHeader_2.54mm.3dshapes/PinHeader_1x01_P2.54mm_Vertical.wrl
      (at (xyz 0 0 0))
      (scale (xyz 1 1 1))
      (rotate (xyz 0 0 0))
    )
  )

  (module Connector_PinHeader_2.54mm:PinHeader_1x01_P2.54mm_Vertical (layer F.Cu) (tedit 59FED5CC) (tstamp 600B6603)
    (at 102.4 58.6)
    (descr "Through hole straight pin header, 1x01, 2.54mm pitch, single row")
    (tags "Through hole pin header THT 1x01 2.54mm single row")
    (path /600BC958)
    (fp_text reference J3 (at 0.9 2.3) (layer F.SilkS) hide
      (effects (font (size 1 1) (thickness 0.15)))
    )
    (fp_text value Conn_01x01 (at 0 2.33) (layer F.Fab)
      (effects (font (size 1 1) (thickness 0.15)))
    )
    (fp_line (start 1.8 -1.8) (end -1.8 -1.8) (layer F.CrtYd) (width 0.05))
    (fp_line (start 1.8 1.8) (end 1.8 -1.8) (layer F.CrtYd) (width 0.05))
    (fp_line (start -1.8 1.8) (end 1.8 1.8) (layer F.CrtYd) (width 0.05))
    (fp_line (start -1.8 -1.8) (end -1.8 1.8) (layer F.CrtYd) (width 0.05))
    (fp_line (start -1.33 -1.33) (end 0 -1.33) (layer F.SilkS) (width 0.12))
    (fp_line (start -1.33 0) (end -1.33 -1.33) (layer F.SilkS) (width 0.12))
    (fp_line (start -1.33 1.27) (end 1.33 1.27) (layer F.SilkS) (width 0.12))
    (fp_line (start 1.33 1.27) (end 1.33 1.33) (layer F.SilkS) (width 0.12))
    (fp_line (start -1.33 1.27) (end -1.33 1.33) (layer F.SilkS) (width 0.12))
    (fp_line (start -1.33 1.33) (end 1.33 1.33) (layer F.SilkS) (width 0.12))
    (fp_line (start -1.27 -0.635) (end -0.635 -1.27) (layer F.Fab) (width 0.1))
    (fp_line (start -1.27 1.27) (end -1.27 -0.635) (layer F.Fab) (width 0.1))
    (fp_line (start 1.27 1.27) (end -1.27 1.27) (layer F.Fab) (width 0.1))
    (fp_line (start 1.27 -1.27) (end 1.27 1.27) (layer F.Fab) (width 0.1))
    (fp_line (start -0.635 -1.27) (end 1.27 -1.27) (layer F.Fab) (width 0.1))
    (fp_text user %R (at 0 0 90) (layer F.Fab)
      (effects (font (size 1 1) (thickness 0.15)))
    )
    (pad 1 thru_hole rect (at 0 0) (size 1.7 1.7) (drill 1) (layers *.Cu *.Mask)
      (net 6 "Net-(C3-Pad2)"))
    (model ${KISYS3DMOD}/Connector_PinHeader_2.54mm.3dshapes/PinHeader_1x01_P2.54mm_Vertical.wrl
      (at (xyz 0 0 0))
      (scale (xyz 1 1 1))
      (rotate (xyz 0 0 0))
    )
  )

  (module Resistor_SMD:R_0603_1608Metric_Pad0.98x0.95mm_HandSolder (layer F.Cu) (tedit 5F68FEEE) (tstamp 600B4B39)
    (at 87.9 67.9)
    (descr "Resistor SMD 0603 (1608 Metric), square (rectangular) end terminal, IPC_7351 nominal with elongated pad for handsoldering. (Body size source: IPC-SM-782 page 72, https://www.pcb-3d.com/wordpress/wp-content/uploads/ipc-sm-782a_amendment_1_and_2.pdf), generated with kicad-footprint-generator")
    (tags "resistor handsolder")
    (path /600ABD97)
    (attr smd)
    (fp_text reference R1 (at -0.8 -1.4) (layer F.SilkS)
      (effects (font (size 1 1) (thickness 0.15)))
    )
    (fp_text value RCOMP (at 0 1.43) (layer F.Fab)
      (effects (font (size 1 1) (thickness 0.15)))
    )
    (fp_line (start 1.65 0.73) (end -1.65 0.73) (layer F.CrtYd) (width 0.05))
    (fp_line (start 1.65 -0.73) (end 1.65 0.73) (layer F.CrtYd) (width 0.05))
    (fp_line (start -1.65 -0.73) (end 1.65 -0.73) (layer F.CrtYd) (width 0.05))
    (fp_line (start -1.65 0.73) (end -1.65 -0.73) (layer F.CrtYd) (width 0.05))
    (fp_line (start -0.254724 0.5225) (end 0.254724 0.5225) (layer F.SilkS) (width 0.12))
    (fp_line (start -0.254724 -0.5225) (end 0.254724 -0.5225) (layer F.SilkS) (width 0.12))
    (fp_line (start 0.8 0.4125) (end -0.8 0.4125) (layer F.Fab) (width 0.1))
    (fp_line (start 0.8 -0.4125) (end 0.8 0.4125) (layer F.Fab) (width 0.1))
    (fp_line (start -0.8 -0.4125) (end 0.8 -0.4125) (layer F.Fab) (width 0.1))
    (fp_line (start -0.8 0.4125) (end -0.8 -0.4125) (layer F.Fab) (width 0.1))
    (fp_text user %R (at 0 0) (layer F.Fab)
      (effects (font (size 0.4 0.4) (thickness 0.06)))
    )
    (pad 2 smd roundrect (at 0.9125 0) (size 0.975 0.95) (layers F.Cu F.Paste F.Mask) (roundrect_rratio 0.25)
      (net 2 "Net-(C1-Pad1)"))
    (pad 1 smd roundrect (at -0.9125 0) (size 0.975 0.95) (layers F.Cu F.Paste F.Mask) (roundrect_rratio 0.25)
      (net 7 "Net-(J1-Pad1)"))
    (model ${KISYS3DMOD}/Resistor_SMD.3dshapes/R_0603_1608Metric.wrl
      (at (xyz 0 0 0))
      (scale (xyz 1 1 1))
      (rotate (xyz 0 0 0))
    )
  )

  (module Resistor_SMD:R_0603_1608Metric_Pad0.98x0.95mm_HandSolder (layer F.Cu) (tedit 5F68FEEE) (tstamp 600B82E6)
    (at 91.5875 58.3 180)
    (descr "Resistor SMD 0603 (1608 Metric), square (rectangular) end terminal, IPC_7351 nominal with elongated pad for handsoldering. (Body size source: IPC-SM-782 page 72, https://www.pcb-3d.com/wordpress/wp-content/uploads/ipc-sm-782a_amendment_1_and_2.pdf), generated with kicad-footprint-generator")
    (tags "resistor handsolder")
    (path /600A93A6)
    (attr smd)
    (fp_text reference R2 (at -0.1125 -1.4) (layer F.SilkS)
      (effects (font (size 1 1) (thickness 0.15)))
    )
    (fp_text value RSET (at 0 1.43) (layer F.Fab)
      (effects (font (size 1 1) (thickness 0.15)))
    )
    (fp_line (start -0.8 0.4125) (end -0.8 -0.4125) (layer F.Fab) (width 0.1))
    (fp_line (start -0.8 -0.4125) (end 0.8 -0.4125) (layer F.Fab) (width 0.1))
    (fp_line (start 0.8 -0.4125) (end 0.8 0.4125) (layer F.Fab) (width 0.1))
    (fp_line (start 0.8 0.4125) (end -0.8 0.4125) (layer F.Fab) (width 0.1))
    (fp_line (start -0.254724 -0.5225) (end 0.254724 -0.5225) (layer F.SilkS) (width 0.12))
    (fp_line (start -0.254724 0.5225) (end 0.254724 0.5225) (layer F.SilkS) (width 0.12))
    (fp_line (start -1.65 0.73) (end -1.65 -0.73) (layer F.CrtYd) (width 0.05))
    (fp_line (start -1.65 -0.73) (end 1.65 -0.73) (layer F.CrtYd) (width 0.05))
    (fp_line (start 1.65 -0.73) (end 1.65 0.73) (layer F.CrtYd) (width 0.05))
    (fp_line (start 1.65 0.73) (end -1.65 0.73) (layer F.CrtYd) (width 0.05))
    (fp_text user %R (at 0 0) (layer F.Fab)
      (effects (font (size 0.4 0.4) (thickness 0.06)))
    )
    (pad 1 smd roundrect (at -0.9125 0 180) (size 0.975 0.95) (layers F.Cu F.Paste F.Mask) (roundrect_rratio 0.25)
      (net 5 "Net-(C3-Pad1)"))
    (pad 2 smd roundrect (at 0.9125 0 180) (size 0.975 0.95) (layers F.Cu F.Paste F.Mask) (roundrect_rratio 0.25)
      (net 6 "Net-(C3-Pad2)"))
    (model ${KISYS3DMOD}/Resistor_SMD.3dshapes/R_0603_1608Metric.wrl
      (at (xyz 0 0 0))
      (scale (xyz 1 1 1))
      (rotate (xyz 0 0 0))
    )
  )

  (module Resistor_SMD:R_0603_1608Metric_Pad0.98x0.95mm_HandSolder (layer F.Cu) (tedit 5F68FEEE) (tstamp 600B7D44)
    (at 98.8 58.3 180)
    (descr "Resistor SMD 0603 (1608 Metric), square (rectangular) end terminal, IPC_7351 nominal with elongated pad for handsoldering. (Body size source: IPC-SM-782 page 72, https://www.pcb-3d.com/wordpress/wp-content/uploads/ipc-sm-782a_amendment_1_and_2.pdf), generated with kicad-footprint-generator")
    (tags "resistor handsolder")
    (path /600AC0F4)
    (attr smd)
    (fp_text reference R3 (at -0.1 -1.4) (layer F.SilkS)
      (effects (font (size 1 1) (thickness 0.15)))
    )
    (fp_text value ROUT (at 0 1.43) (layer F.Fab)
      (effects (font (size 1 1) (thickness 0.15)))
    )
    (fp_line (start 1.65 0.73) (end -1.65 0.73) (layer F.CrtYd) (width 0.05))
    (fp_line (start 1.65 -0.73) (end 1.65 0.73) (layer F.CrtYd) (width 0.05))
    (fp_line (start -1.65 -0.73) (end 1.65 -0.73) (layer F.CrtYd) (width 0.05))
    (fp_line (start -1.65 0.73) (end -1.65 -0.73) (layer F.CrtYd) (width 0.05))
    (fp_line (start -0.254724 0.5225) (end 0.254724 0.5225) (layer F.SilkS) (width 0.12))
    (fp_line (start -0.254724 -0.5225) (end 0.254724 -0.5225) (layer F.SilkS) (width 0.12))
    (fp_line (start 0.8 0.4125) (end -0.8 0.4125) (layer F.Fab) (width 0.1))
    (fp_line (start 0.8 -0.4125) (end 0.8 0.4125) (layer F.Fab) (width 0.1))
    (fp_line (start -0.8 -0.4125) (end 0.8 -0.4125) (layer F.Fab) (width 0.1))
    (fp_line (start -0.8 0.4125) (end -0.8 -0.4125) (layer F.Fab) (width 0.1))
    (fp_text user %R (at 0 0) (layer F.Fab)
      (effects (font (size 0.4 0.4) (thickness 0.06)))
    )
    (pad 2 smd roundrect (at 0.9125 0 180) (size 0.975 0.95) (layers F.Cu F.Paste F.Mask) (roundrect_rratio 0.25)
      (net 1 "Net-(C1-Pad2)"))
    (pad 1 smd roundrect (at -0.9125 0 180) (size 0.975 0.95) (layers F.Cu F.Paste F.Mask) (roundrect_rratio 0.25)
      (net 6 "Net-(C3-Pad2)"))
    (model ${KISYS3DMOD}/Resistor_SMD.3dshapes/R_0603_1608Metric.wrl
      (at (xyz 0 0 0))
      (scale (xyz 1 1 1))
      (rotate (xyz 0 0 0))
    )
  )

  (module Resistor_SMD:R_0603_1608Metric_Pad0.98x0.95mm_HandSolder (layer F.Cu) (tedit 5F68FEEE) (tstamp 600B7902)
    (at 91.7 67.9)
    (descr "Resistor SMD 0603 (1608 Metric), square (rectangular) end terminal, IPC_7351 nominal with elongated pad for handsoldering. (Body size source: IPC-SM-782 page 72, https://www.pcb-3d.com/wordpress/wp-content/uploads/ipc-sm-782a_amendment_1_and_2.pdf), generated with kicad-footprint-generator")
    (tags "resistor handsolder")
    (path /600AF224)
    (attr smd)
    (fp_text reference R4 (at 0.1 -1.3) (layer F.SilkS)
      (effects (font (size 1 1) (thickness 0.15)))
    )
    (fp_text value RIN (at 0 1.43) (layer F.Fab)
      (effects (font (size 1 1) (thickness 0.15)))
    )
    (fp_line (start -0.8 0.4125) (end -0.8 -0.4125) (layer F.Fab) (width 0.1))
    (fp_line (start -0.8 -0.4125) (end 0.8 -0.4125) (layer F.Fab) (width 0.1))
    (fp_line (start 0.8 -0.4125) (end 0.8 0.4125) (layer F.Fab) (width 0.1))
    (fp_line (start 0.8 0.4125) (end -0.8 0.4125) (layer F.Fab) (width 0.1))
    (fp_line (start -0.254724 -0.5225) (end 0.254724 -0.5225) (layer F.SilkS) (width 0.12))
    (fp_line (start -0.254724 0.5225) (end 0.254724 0.5225) (layer F.SilkS) (width 0.12))
    (fp_line (start -1.65 0.73) (end -1.65 -0.73) (layer F.CrtYd) (width 0.05))
    (fp_line (start -1.65 -0.73) (end 1.65 -0.73) (layer F.CrtYd) (width 0.05))
    (fp_line (start 1.65 -0.73) (end 1.65 0.73) (layer F.CrtYd) (width 0.05))
    (fp_line (start 1.65 0.73) (end -1.65 0.73) (layer F.CrtYd) (width 0.05))
    (fp_text user %R (at 0 0) (layer F.Fab)
      (effects (font (size 0.4 0.4) (thickness 0.06)))
    )
    (pad 1 smd roundrect (at -0.9125 0) (size 0.975 0.95) (layers F.Cu F.Paste F.Mask) (roundrect_rratio 0.25)
      (net 7 "Net-(J1-Pad1)"))
    (pad 2 smd roundrect (at 0.9125 0) (size 0.975 0.95) (layers F.Cu F.Paste F.Mask) (roundrect_rratio 0.25)
      (net 3 "Net-(C2-Pad1)"))
    (model ${KISYS3DMOD}/Resistor_SMD.3dshapes/R_0603_1608Metric.wrl
      (at (xyz 0 0 0))
      (scale (xyz 1 1 1))
      (rotate (xyz 0 0 0))
    )
  )

  (module Package_TO_SOT_SMD:SOT-223-3_TabPin2 (layer F.Cu) (tedit 5A02FF57) (tstamp 600B7A11)
    (at 92.4 63)
    (descr "module CMS SOT223 4 pins")
    (tags "CMS SOT")
    (path /6009AA4D)
    (attr smd)
    (fp_text reference U1 (at 5.1 2.9) (layer F.SilkS) hide
      (effects (font (size 1 1) (thickness 0.15)))
    )
    (fp_text value LT3092xST (at 0 4.5) (layer F.Fab)
      (effects (font (size 1 1) (thickness 0.15)))
    )
    (fp_line (start 1.91 3.41) (end 1.91 2.15) (layer F.SilkS) (width 0.12))
    (fp_line (start 1.91 -3.41) (end 1.91 -2.15) (layer F.SilkS) (width 0.12))
    (fp_line (start 4.4 -3.6) (end -4.4 -3.6) (layer F.CrtYd) (width 0.05))
    (fp_line (start 4.4 3.6) (end 4.4 -3.6) (layer F.CrtYd) (width 0.05))
    (fp_line (start -4.4 3.6) (end 4.4 3.6) (layer F.CrtYd) (width 0.05))
    (fp_line (start -4.4 -3.6) (end -4.4 3.6) (layer F.CrtYd) (width 0.05))
    (fp_line (start -1.85 -2.35) (end -0.85 -3.35) (layer F.Fab) (width 0.1))
    (fp_line (start -1.85 -2.35) (end -1.85 3.35) (layer F.Fab) (width 0.1))
    (fp_line (start -1.85 3.41) (end 1.91 3.41) (layer F.SilkS) (width 0.12))
    (fp_line (start -0.85 -3.35) (end 1.85 -3.35) (layer F.Fab) (width 0.1))
    (fp_line (start -4.1 -3.41) (end 1.91 -3.41) (layer F.SilkS) (width 0.12))
    (fp_line (start -1.85 3.35) (end 1.85 3.35) (layer F.Fab) (width 0.1))
    (fp_line (start 1.85 -3.35) (end 1.85 3.35) (layer F.Fab) (width 0.1))
    (fp_text user %R (at 0 0 90) (layer F.Fab)
      (effects (font (size 0.8 0.8) (thickness 0.12)))
    )
    (pad 2 smd rect (at 3.15 0) (size 2 3.8) (layers F.Cu F.Paste F.Mask)
      (net 1 "Net-(C1-Pad2)"))
    (pad 2 smd rect (at -3.15 0) (size 2 1.5) (layers F.Cu F.Paste F.Mask)
      (net 1 "Net-(C1-Pad2)"))
    (pad 3 smd rect (at -3.15 2.3) (size 2 1.5) (layers F.Cu F.Paste F.Mask)
      (net 7 "Net-(J1-Pad1)"))
    (pad 1 smd rect (at -3.15 -2.3) (size 2 1.5) (layers F.Cu F.Paste F.Mask)
      (net 5 "Net-(C3-Pad1)"))
    (model ${KISYS3DMOD}/Package_TO_SOT_SMD.3dshapes/SOT-223.wrl
      (at (xyz 0 0 0))
      (scale (xyz 1 1 1))
      (rotate (xyz 0 0 0))
    )
  )

  (gr_line (start 81 69) (end 81 57) (layer Edge.Cuts) (width 0.1) (tstamp 600B76FF))
  (gr_line (start 104 69) (end 81 69) (layer Edge.Cuts) (width 0.1))
  (gr_line (start 104 57) (end 104 69) (layer Edge.Cuts) (width 0.1))
  (gr_line (start 81 57) (end 104 57) (layer Edge.Cuts) (width 0.1))
  (gr_text OUT (at 102.4 60.7) (layer F.SilkS) (tstamp 600B84A8)
    (effects (font (size 1 1) (thickness 0.25)))
  )
  (gr_text IN (at 84.9 67.8) (layer F.SilkS) (tstamp 600B7CE0)
    (effects (font (size 1 1) (thickness 0.25)))
  )
  (gr_text GND (at 99.2 67.7) (layer F.SilkS)
    (effects (font (size 1 1) (thickness 0.25)))
  )
  (gr_poly (pts (xy 96.8 65.1) (xy 90.8 65.1) (xy 90.8 60.9) (xy 96.8 60.9)) (layer B.Cu) (width 0.1) (tstamp 600B79E8))

  (via (at 96.2 64.4) (size 0.5) (drill 0.3) (layers F.Cu B.Cu) (net 1) (tstamp 600B79EB))
  (via (at 95 64.4) (size 0.5) (drill 0.3) (layers F.Cu B.Cu) (net 1) (tstamp 600B79FA))
  (via (at 96.2 63) (size 0.5) (drill 0.3) (layers F.Cu B.Cu) (net 1) (tstamp 600B79F4))
  (via (at 95 63) (size 0.5) (drill 0.3) (layers F.Cu B.Cu) (net 1) (tstamp 600B79EE))
  (via (at 96.2 61.5) (size 0.5) (drill 0.3) (layers F.Cu B.Cu) (net 1) (tstamp 600B79F1))
  (via (at 95 61.5) (size 0.5) (drill 0.3) (layers F.Cu B.Cu) (net 1) (tstamp 600B79F7))
  (segment (start 84.2625 58.3) (end 87.300009 61.337509) (width 0.4) (layer F.Cu) (net 1))
  (segment (start 87.300009 61.337509) (end 87.300009 62.400009) (width 0.4) (layer F.Cu) (net 1))
  (segment (start 87.9 63) (end 89.25 63) (width 0.4) (layer F.Cu) (net 1))
  (segment (start 87.300009 62.400009) (end 87.9 63) (width 0.4) (layer F.Cu) (net 1))
  (segment (start 95.55 61.65) (end 95.55 63) (width 0.4) (layer F.Cu) (net 1))
  (segment (start 89.25 63) (end 95.55 63) (width 0.9) (layer F.Cu) (net 1))
  (segment (start 97.8875 61.0125) (end 97.8875 58.3) (width 0.4) (layer F.Cu) (net 1))
  (segment (start 97.4 61.5) (end 97.8875 61.0125) (width 0.4) (layer F.Cu) (net 1))
  (segment (start 96.2 61.5) (end 97.4 61.5) (width 0.4) (layer F.Cu) (net 1))
  (segment (start 88.8125 67.9) (end 88.8125 67.8125) (width 0.4) (layer F.Cu) (net 2))
  (segment (start 88.8125 67.8125) (end 86.7 65.7) (width 0.4) (layer F.Cu) (net 2))
  (segment (start 86.7 65.7) (end 86.7 62.1) (width 0.4) (layer F.Cu) (net 2))
  (segment (start 86.7 62.1) (end 85.1 60.5) (width 0.4) (layer F.Cu) (net 2))
  (segment (start 85.1 60.5) (end 83.1 60.5) (width 0.4) (layer F.Cu) (net 2))
  (segment (start 82.5375 59.9375) (end 82.5375 58.3) (width 0.4) (layer F.Cu) (net 2))
  (segment (start 83.1 60.5) (end 82.5375 59.9375) (width 0.4) (layer F.Cu) (net 2))
  (segment (start 92.6125 67.9) (end 94.4375 67.9) (width 0.4) (layer F.Cu) (net 3))
  (segment (start 96.1625 67.9) (end 97 67.9) (width 0.4) (layer F.Cu) (net 4))
  (segment (start 97 67.9) (end 97.6 67.3) (width 0.4) (layer F.Cu) (net 4))
  (segment (start 97.6 67.3) (end 98.1 67.3) (width 0.4) (layer F.Cu) (net 4))
  (segment (start 98.1 67.3) (end 102.4 67.3) (width 0.4) (layer F.Cu) (net 4))
  (segment (start 98.1 65.4) (end 98.1 67.3) (width 0.4) (layer F.Cu) (net 4))
  (segment (start 96.1625 58.3) (end 96.1625 58.5625) (width 0.4) (layer F.Cu) (net 4))
  (segment (start 96.1625 58.3) (end 96.9 59.0375) (width 0.4) (layer F.Cu) (net 4))
  (via (at 96.9 60.3) (size 0.5) (drill 0.3) (layers F.Cu B.Cu) (net 4))
  (segment (start 96.9 59.0375) (end 96.9 60.3) (width 0.4) (layer F.Cu) (net 4))
  (segment (start 96.9 60.3) (end 98.3 61.7) (width 0.4) (layer B.Cu) (net 4))
  (via (at 98.3 62.2) (size 0.5) (drill 0.3) (layers F.Cu B.Cu) (net 4))
  (segment (start 98.3 61.7) (end 98.3 62.2) (width 0.4) (layer B.Cu) (net 4))
  (segment (start 98.3 62.2) (end 98.3 62.7) (width 0.4) (layer F.Cu) (net 4))
  (segment (start 98.1 62.9) (end 98.1 65.4) (width 0.4) (layer F.Cu) (net 4))
  (segment (start 98.3 62.7) (end 98.1 62.9) (width 0.4) (layer F.Cu) (net 4))
  (segment (start 86.85 58.3) (end 89.25 60.7) (width 0.4) (layer F.Cu) (net 5))
  (segment (start 86.8375 58.3) (end 86.85 58.3) (width 0.4) (layer F.Cu) (net 5))
  (segment (start 89.25 60.7) (end 91.6 60.7) (width 0.4) (layer F.Cu) (net 5))
  (segment (start 92.5 59.8) (end 92.5 58.3) (width 0.4) (layer F.Cu) (net 5))
  (segment (start 91.6 60.7) (end 92.5 59.8) (width 0.4) (layer F.Cu) (net 5))
  (segment (start 99.7125 58.3) (end 100 58.3) (width 0.4) (layer F.Cu) (net 6))
  (segment (start 102.1 58.3) (end 102.4 58.6) (width 0.4) (layer F.Cu) (net 6))
  (segment (start 99.7125 58.3) (end 102.1 58.3) (width 0.4) (layer F.Cu) (net 6))
  (segment (start 88.5625 58.3) (end 90.675 58.3) (width 0.4) (layer F.Cu) (net 6))
  (segment (start 90.675 58.3) (end 90.675 58.775) (width 0.4) (layer F.Cu) (net 6))
  (via (at 91.4 59.5) (size 0.5) (drill 0.3) (layers F.Cu B.Cu) (net 6))
  (segment (start 90.675 58.775) (end 91.4 59.5) (width 0.4) (layer F.Cu) (net 6))
  (segment (start 91.4 59.5) (end 93.8 59.5) (width 0.4) (layer B.Cu) (net 6))
  (via (at 93.8 59.5) (size 0.5) (drill 0.3) (layers F.Cu B.Cu) (net 6))
  (segment (start 93.8 59.5) (end 94.1 59.5) (width 0.4) (layer F.Cu) (net 6))
  (segment (start 94.4375 59.1625) (end 94.4375 58.3) (width 0.4) (layer F.Cu) (net 6))
  (segment (start 94.1 59.5) (end 94.4375 59.1625) (width 0.4) (layer F.Cu) (net 6))
  (segment (start 93.8 59.5) (end 95.9 59.5) (width 0.4) (layer F.Cu) (net 6))
  (via (at 95.9 59.5) (size 0.5) (drill 0.3) (layers F.Cu B.Cu) (net 6))
  (segment (start 95.9 59.5) (end 99 59.5) (width 0.4) (layer B.Cu) (net 6))
  (via (at 99 59.5) (size 0.5) (drill 0.3) (layers F.Cu B.Cu) (net 6))
  (segment (start 99 59.5) (end 99.4 59.5) (width 0.4) (layer F.Cu) (net 6))
  (segment (start 99.7125 59.1875) (end 99.7125 58.3) (width 0.4) (layer F.Cu) (net 6))
  (segment (start 99.4 59.5) (end 99.7125 59.1875) (width 0.4) (layer F.Cu) (net 6))
  (segment (start 82.6 67.4) (end 84.7 67.4) (width 0.4) (layer F.Cu) (net 7))
  (segment (start 85.2 67.9) (end 86.9875 67.9) (width 0.4) (layer F.Cu) (net 7))
  (segment (start 84.7 67.4) (end 85.2 67.9) (width 0.4) (layer F.Cu) (net 7))
  (segment (start 84.7 67.4) (end 84.7 67.1) (width 0.4) (layer F.Cu) (net 7))
  (via (at 85.5 66.4) (size 0.5) (drill 0.3) (layers F.Cu B.Cu) (net 7))
  (segment (start 85.4 66.4) (end 85.5 66.4) (width 0.4) (layer F.Cu) (net 7))
  (segment (start 84.7 67.1) (end 85.4 66.4) (width 0.4) (layer F.Cu) (net 7))
  (segment (start 85.5 66.4) (end 86.3 66.4) (width 0.4) (layer B.Cu) (net 7))
  (via (at 87.5 65.2) (size 0.5) (drill 0.3) (layers F.Cu B.Cu) (net 7))
  (segment (start 86.3 66.4) (end 87.5 65.2) (width 0.4) (layer B.Cu) (net 7))
  (segment (start 89.15 65.2) (end 89.25 65.3) (width 0.4) (layer F.Cu) (net 7))
  (segment (start 87.5 65.2) (end 89.15 65.2) (width 0.4) (layer F.Cu) (net 7))
  (segment (start 89.25 66.3625) (end 90.7875 67.9) (width 0.4) (layer F.Cu) (net 7))
  (segment (start 89.25 65.3) (end 89.25 66.3625) (width 0.4) (layer F.Cu) (net 7))

)
